20180623
20180323
20171221
20170920
20170620
20170320
20161218
20160917
20160617
20160317
20151216
20150915
20150615
20150315
20141213
20140912
20140612
20140312
20131210
20130909
20130609
20130309
20121207
20120906
20120606
20120306
20111205
20110904
20110604
20110304
20101202
20100901
20100601
20100301
20091129
20090829
20090529
20090226
20081126
20080826
20080526
20080224
20071124
20070824
20070524
20070221
20061121
20060821
20060521
20060218
20051118
20050818
20050518
20050215
20041115
20040815
20040515
20040213
20031113
20030813
20030513
20030210
20021110
20020810
20020510
20020207
20011107
20010807
20010507
20010204
20001104
20000804
20000504
20000202
19991102
19990802
19990502
19990130
19981030
19980730
19980429
19980127
19971027
19970727
19970426
19970124
19961024
19960724
19960423
19960122
19951022
19950722
19950421
19950119
19941019
19940719
19940418
19940116
19931016
19930716
19930415
19930113
19921013
19920713
19920412
19920111
19911011
19910711
19910410
19910108
19901008
19900708
19900407
19900105
19891005
19890705
19890404
19890102
19881002
19880702
19880401
19871231
19870930
19870630
19870330
19861228
19860927
19860627
19860327
19851225
19850924
19850624
19850324
19841222
19840921
19840621
19840321
19831220
19830919
19830619
19830319
19821217
19820916
19820616
19820316
19811214
19810913
19810613
19810313
19801211
19800910
19800610
19800310
19791209
19790908
19790608
19790308
19781206
19780905
19780605
19780305
19771203
19770902
19770602
19770302
19761130
19760830
19760530
19760228
19751128
19750828
19750528
19750225
19741125
19740825
19740525
19740222
19731122
19730822
19730522
19730219
19721119
19720819
19720519
19720217
19711117
19710817
19710517
19710214
19701114
19700814
19700514
19700211
19691111
19690811
19690511
19690208
19681108
19680808
19680508
19680206
19671106
19670806
19670506
19670203
19661103
19660803
19660503
19660131
19651031
19650731
19650430
19650128
19641028
19640728
19640427
19640126
19631026
19630726
19630425
19630123
19621023
19620723
19620422
19620120
19611020
19610720
19610419
19610117
19601017
19600717
19600416
19600115
19591015
19590715
19590414
19590112
19581012
19580712
19580411
19580109
19571009
19570709
19570408
19570106
19561006
19560706
19560405
19560104
19551004
19550704
19550403
19550101
19541001
19540701
19540331
19531229
19530928
19530628
19530328
19521226
19520925
19520625
19520325
19511224
19510923
19510623
19510323
19501221
19500920
19500620
19500320
19491218
19490917
19490617
19490317
19481215
19480914
19480614
19480314
19471213
19470912
19470612
19470312
19461210
19460909
19460609
19460309
19451207
19450906
19450606
19450306
19441204
19440903
19440603
19440303
19431202
19430901
19430601
19430301